0 1 1
100 1 1
200 2 2
300 3 3
400 4 4
500 6 6
600 8 8
700 9 9
800 11 11
900 13 13
1000 16 16
1100 18 18
1200 20 20
1300 23 23
1400 25 25
1501 27 27
1601 30 30
1701 32 32
1801 34 34
1901 37 37
2001 39 39
2101 41 41
2201 44 44
2301 46 46
2401 49 49
2501 51 51
2601 53 53
2701 56 56
2801 58 58
2901 60 60
3001 63 63
3101 65 65
3201 68 68
3301 70 70
3401 72 72
3501 75 75
3601 77 77
3701 79 79
3801 82 82
3901 84 84
4001 86 86
4101 89 89
4201 91 91
4301 93 93
4402 96 96
4502 98 98
4602 100 100
4702 103 103
4802 105 105
4902 107 107
5002 110 110
5102 112 112
5202 114 114
5302 117 117
5402 119 119
5502 121 121
5602 124 124
5702 126 126
5802 128 128
5902 130 130
6002 133 133
6102 135 135
6202 137 137
6302 140 140
6402 142 142
6502 144 144
6602 147 147
6702 149 149
6802 151 151
6902 153 153
7002 156 156
7102 158 158
7202 160 160
7302 163 163
7402 165 165
7502 167 167
7602 169 169
7702 172 172
7802 174 174
7902 176 176
8002 179 179
8102 181 181
8202 183 183
8302 186 186
8402 188 188
8502 190 190
8602 193 193
8617 193 193
