0 1 1
100 2 2
200 3 3
300 5 5
400 8 8
500 10 10
600 13 13
700 16 16
800 19 19
900 22 22
1000 25 25
1100 28 28
1200 31 31
1300 34 34
1400 37 37
1500 40 40
1600 43 43
1700 46 46
1800 49 49
1900 52 52
2000 55 55
2100 58 58
2201 61 61
2301 64 64
2401 68 68
2501 70 70
2601 74 74
2701 77 77
2801 80 80
2901 83 83
3001 86 86
3101 89 89
3201 92 92
3301 95 95
3401 98 98
3501 101 101
3601 104 104
3701 107 107
3801 110 110
3901 114 114
4001 117 117
4101 120 120
4201 123 123
4301 126 126
4401 129 129
4501 132 132
4601 135 135
4701 138 138
4801 141 141
4901 144 144
5001 148 148
5102 151 151
5202 154 154
5302 157 157
5402 160 160
5502 163 163
5602 166 166
5702 169 169
5802 172 172
5902 175 175
6002 178 178
6102 181 181
6202 184 184
6302 187 187
6330 188 188
