0 1 1
100 2 2
200 3 3
300 4 4
400 6 6
500 9 9
600 12 12
700 15 15
800 17 17
900 20 20
1000 23 23
1100 25 25
1200 28 28
1300 31 31
1400 34 34
1500 36 36
1601 39 39
1701 42 42
1801 44 44
1901 47 47
2001 50 50
2101 53 53
2201 55 55
2301 58 58
2401 61 61
2501 64 64
2601 66 66
2701 69 69
2801 72 72
2901 75 75
3001 77 77
3101 80 80
3201 83 83
3301 86 86
3401 88 88
3501 91 91
3601 94 94
3701 97 97
3801 99 99
3901 102 102
4001 105 105
4101 108 108
4201 111 111
4301 113 113
4401 116 116
4502 119 119
4602 121 121
4702 124 124
4802 127 127
4902 130 130
5002 133 133
5102 135 135
5202 138 138
5302 141 141
5402 144 144
5502 146 146
5602 149 149
5702 152 152
5802 155 155
5902 157 157
6002 160 160
6057 161 161
