0 0 0
100 1 1
200 2 2
300 5 5
400 8 8
500 11 11
600 14 14
700 17 17
800 20 20
900 23 23
1000 26 26
1100 30 30
1200 33 33
1300 36 36
1400 39 39
1500 43 43
1601 46 46
1701 49 49
1801 52 52
1901 56 56
2001 59 59
2101 62 62
2201 65 65
2301 69 69
2401 72 72
2501 75 75
2601 78 78
2701 82 82
2801 85 85
2901 88 88
3001 92 92
3101 95 95
3201 98 98
3301 101 101
3401 105 105
3501 108 108
3601 111 111
3701 114 114
3801 118 118
3901 121 121
4001 124 124
4101 127 127
4201 131 131
4301 134 134
4401 137 137
4502 140 140
4602 144 144
4702 147 147
4802 150 150
4902 153 153
5002 157 157
5102 160 160
5202 163 163
5302 166 166
5402 169 169
5502 173 173
5602 176 176
5702 179 179
5802 182 182
5902 185 185
6002 189 189
6102 192 192
6202 195 195
6302 198 198
6402 201 201
6502 205 205
6602 208 208
6702 211 211
6802 214 214
6902 217 217
7002 221 221
7102 224 224
7202 227 227
7302 230 230
7403 234 234
7503 237 237
7603 240 240
7703 243 243
7793 246 246
