0 0 0
100 1 1
200 2 2
300 5 5
400 8 8
500 11 11
600 14 14
700 17 17
800 21 21
900 24 24
1001 27 27
1101 31 31
1201 34 34
1301 38 38
1401 41 41
1501 44 44
1601 48 48
1701 51 51
1801 55 55
1901 59 59
2001 62 62
2101 66 66
2201 70 70
2301 74 74
2401 78 78
2501 81 81
2601 85 85
2701 89 89
2801 92 92
2901 96 96
3001 99 99
3101 103 103
3201 106 106
3301 109 109
3401 113 113
3501 116 116
3601 119 119
3701 123 123
3801 126 126
3902 129 129
4002 133 133
4102 136 136
4202 140 140
4302 143 143
4402 146 146
4502 150 150
4602 153 153
4702 157 157
4802 160 160
4902 163 163
5002 167 167
5102 170 170
5202 173 173
5302 177 177
5402 180 180
5502 183 183
5602 187 187
5702 190 190
5802 194 194
5902 197 197
6002 201 201
6102 204 204
6202 207 207
6302 211 211
6402 215 215
6502 218 218
6602 222 222
6702 225 225
6802 229 229
6902 232 232
7002 235 235
7102 239 239
7111 239 239
