0 1 1
100 1 1
200 3 3
300 5 5
400 8 8
500 11 11
600 14 14
700 17 17
800 20 20
900 24 24
1000 27 27
1100 30 30
1200 34 34
1300 37 37
1401 40 40
1501 44 44
1601 47 47
1701 50 50
1801 54 54
1901 57 57
2001 60 60
2101 64 64
2201 67 67
2301 70 70
2401 74 74
2501 77 77
2601 80 80
2701 84 84
2801 87 87
2901 90 90
3001 94 94
3101 97 97
3201 100 100
3301 104 104
3401 107 107
3501 110 110
3601 114 114
3701 117 117
3801 120 120
3901 124 124
4001 127 127
4101 130 130
4201 133 133
4301 137 137
4401 140 140
4501 144 144
4601 147 147
4701 150 150
4801 153 153
4901 157 157
5001 160 160
5101 163 163
5201 167 167
5301 170 170
5401 173 173
5501 177 177
5601 180 180
5701 183 183
5801 187 187
5901 190 190
6001 193 193
6101 196 196
6201 200 200
6301 203 203
6401 206 206
6501 210 210
6601 213 213
6701 216 216
6801 220 220
6901 223 223
7001 226 226
7101 230 230
7201 233 233
7301 236 236
7401 240 240
7501 243 243
7601 246 246
7701 249 249
7801 253 253
7901 256 256
8001 260 260
8101 263 263
8201 266 266
8301 269 269
8401 273 273
8501 276 276
8601 279 279
8701 283 283
8801 286 286
8901 289 289
9001 292 292
9042 294 294
